Acetil-CoA,4 3 C:1 11.31 -7.50 C 12.52 -6.80 S 13.74 -7.50 O 12.52 -5.40 1 2 1 2 3 1 2 4 2
Malonil-CoA,7 6 C:1 9.02 -8.34 C 10.28 -7.75 S 11.42 -8.57 O 10.41 -6.35 C 8.03 -7.35 O 6.86 -8.14 O 8.16 -5.96 1 2 1 2 3 1 2 4 2 1 5 1 5 6 1 5 7 2
Malonamyil-CoA,7 6 S 10.19 -5.15 C 11.26 -6.06 C:1 12.33 -5.15 C 13.39 -6.06 N 14.52 -5.23 O 11.25 -7.46 O 13.38 -7.46 1 2 1 2 3 1 3 4 1 4 5 1 2 6 2 4 7 2
Propionil-CoA,5 4 C 17.86 -11.77 C:1 16.65 -12.47 C 15.44 -11.77 O 15.44 -10.37 S 14.23 -12.47 2 1 1 3 2 1 4 3 2 5 3 1
Glycine,5 4 N 16.25 -10.63 C:1 15.04 -11.33 C 13.83 -10.63 O 13.83 -9.23 O 12.62 -11.33 2 1 1 3 2 1 4 3 2 5 3 1
Acido 2-oxoglutarico,10 9 O 19.68 -11.77 C 18.47 -11.07 O 18.47 -9.67 C 17.26 -11.77 C 16.04 -11.07 C 14.83 -11.77 O 14.83 -13.17 C 13.62 -11.07 O 13.62 -9.67 O 12.41 -11.77 2 1 2 3 2 1 4 2 1 5 4 1 6 5 1 7 6 2 8 6 1 9 8 2 10 8 1
Acido Glutamico,10 9 O 19.68 -11.77 C 18.47 -11.07 O 18.47 -9.67 C 17.26 -11.77 C 16.04 -11.07 C 14.83 -11.77 N 14.22 -13.33 C 13.62 -11.07 O 13.62 -9.67 O 12.41 -11.77 2 1 2 3 2 1 4 2 1 5 4 1 6 5 1 6 7 -1 8 6 1 9 8 2 10 8 1
Tiamina Difosfato TPP,26 27 C 23.60 -14.45 C 22.21 -14.31 N 21.39 -15.44 C 19.99 -15.29 C 19.43 -14.02 C 18.03 -13.87 N+ 17.46 -12.59 C 18.16 -11.38 S 17.23 -10.34 C 15.95 -10.91 C 14.74 -10.21 C 13.52 -10.91 O 12.31 -10.21 P 11.10 -10.91 O 10.40 -12.12 O 11.80 -12.12 O 9.89 -10.21 P 9.89 -8.81 O 8.49 -8.81 O 9.89 -7.41 O 11.29 -8.81 C 16.09 -12.30 C 15.05 -13.24 C 20.25 -12.88 N 19.68 -11.60 N 21.64 -13.03 2 1 1 3 2 2 4 3 1 5 4 2 6 5 1 7 6 1 8 7 2 9 8 1 10 9 1 11 10 1 12 11 1 13 12 1 14 13 1 15 14 2 16 14 1 17 14 1 18 17 1 19 18 2 20 18 1 21 18 1 22 10 2 22 7 1 23 22 1 24 5 1 25 24 1 26 24 2 26 2 1
Uridina,15 16 O 13.58 -8.17 C 11.09 -8.30 O 10.80 -6.93 C 10.15 -9.34 O 10.85 -10.56 C 12.22 -10.26 N 13.26 -11.20 C 12.97 -12.57 C 14.01 -13.51 C 15.34 -13.07 O 16.38 -14.01 N 15.63 -11.71 C 14.59 -10.77 O 14.89 -9.40 C 12.37 -8.87 15 1 -1 2 3 -1 4 2 1 5 4 1 6 5 1 6 7 -2 8 7 1 9 8 2 10 9 1 11 10 2 12 10 1 13 12 1 13 7 1 14 13 2 15 6 1 15 2 1
Uridina-OPP,24 25 O 17.98 -7.84 C 16.41 -9.77 O 15.20 -9.07 P 13.99 -9.77 O 13.29 -10.99 O 14.69 -10.99 O 12.78 -9.07 P 12.78 -7.67 O 11.38 -7.67 O 12.78 -6.27 O 14.18 -7.67 O 16.56 -11.17 C 17.93 -11.46 N 18.50 -12.74 C 17.67 -13.87 C 18.24 -15.15 C 19.64 -15.29 O 20.21 -16.57 N 20.46 -14.16 C 19.89 -12.88 O 20.71 -11.75 C 18.63 -10.25 O 20.02 -10.10 C 17.69 -9.20 24 1 -1 2 3 -2 4 3 1 5 4 2 6 4 1 7 4 1 8 7 1 9 8 2 10 8 1 11 8 1 12 2 1 13 12 1 13 14 -2 15 14 1 16 15 2 17 16 1 18 17 2 19 17 1 20 19 1 20 14 1 21 20 2 22 13 1 22 23 -1 24 22 1 24 2 1
Glucosa,12 12 O 16.65 -13.52 C 17.86 -11.42 O 19.08 -12.12 C 17.86 -10.02 O 19.08 -9.32 O 16.65 -9.32 C 15.44 -10.02 C 14.23 -9.32 O 13.01 -10.02 C 15.44 -11.42 C 16.65 -12.12 O 14.23 -12.12 1 11 1 2 3 -2 4 2 1 4 5 -1 6 4 1 7 6 1 7 8 -1 9 8 1 10 7 1 11 2 1 10 12 -2 11 10 1
Araquidonico,22 21 O 11.54 -9.30 C 11.62 -10.70 O 10.44 -11.46 C 10.51 -12.86 C 11.76 -13.50 C 12.94 -12.73 C 14.18 -13.37 C 15.36 -12.61 C 16.40 -13.54 C 17.80 -13.47 C 18.73 -12.43 C 19.87 -13.25 C 21.22 -12.86 C 21.76 -11.57 C 21.09 -10.34 C 19.71 -10.10 C 18.66 -11.03 C 17.62 -10.10 C 16.22 -10.17 C 15.28 -11.21 C 14.04 -10.57 C 12.86 -11.34 2 1 2 3 2 1 5 4 1 6 5 1 7 6 1 8 7 1 9 8 1 10 9 2 11 10 1 12 11 1 13 12 2 14 13 1 15 14 1 16 15 2 17 16 1 18 17 1 19 18 2 20 19 1 21 20 1 22 21 1 22 2 1
2-Metilmalonil-CoA,8 7 C 12.76 -8.41 C 11.54 -7.71 S 11.54 -6.31 C:1 10.33 -8.41 C 10.33 -9.81 C 9.12 -7.71 O 9.12 -6.31 O 7.91 -8.41 2 1 2 3 2 1 4 2 1 5 4 1 6 4 1 7 6 2 8 6 1